Pente (slope) : 5248.6
Interception (intercept) : -10583692.533333335
Coefficient de corrélation (r_value) : 0.9848640184150296
Valeur de p (p_value) : 0.00034191309672139354
Erreur standard (std_err) : 461.8573764599581
 
Valeur prédite de 2023 : 34225.26666666567
 
    yearEvent  monthEvent  nb_obs
0      2017.0         1.0     228
1      2017.0         2.0     292
2      2017.0         3.0     438
3      2017.0         4.0     828
4      2017.0         5.0     508
5      2017.0         6.0     441
6      2017.0         7.0     330
7      2017.0         8.0     147
8      2017.0         9.0     118
9      2017.0        10.0     167
10     2017.0        11.0     206
11     2017.0        12.0     245
12     2018.0         1.0     347
13     2018.0         2.0     407
14     2018.0         3.0     736
15     2018.0         4.0    1730
16     2018.0         5.0     997
17     2018.0         6.0     696
18     2018.0         7.0     525
19     2018.0         8.0     244
20     2018.0         9.0     186
21     2018.0        10.0     258
22     2018.0        11.0     338
23     2018.0        12.0     418
24     2019.0         1.0     502
25     2019.0         2.0     692
26     2019.0         3.0    1450
27     2019.0         4.0    2633
28     2019.0         5.0    1565
29     2019.0         6.0    1041
    yearEvent  monthEvent  nb_obs  nb_obs_proj yearMonth
0      2017.0         1.0   228.0          NaN   2017-01
1      2017.0         2.0   292.0          NaN   2017-02
2      2017.0         3.0   438.0          NaN   2017-03
3      2017.0         4.0   828.0          NaN   2017-04
4      2017.0         5.0   508.0          NaN   2017-05
..        ...         ...     ...          ...       ...
86     2024.0         3.0     NaN  5003.000000   2024-03
87     2024.0         4.0     NaN  7178.714286   2024-04
88     2024.0         5.0     NaN  5966.714286   2024-05
89     2024.0         6.0     NaN  3610.714286   2024-06
90     2024.0         7.0     NaN  2508.142857   2024-07

[91 rows x 5 columns]
